9481103
12649522
11559586
9085429
8022486
11198994
2144214
6532816
994779
11192662
14138355
7008569
11635303
9879645
1834949
13996411
14247065
10610004
2081001
851270
4290360
5280971
2442114
10293802
7758550
8524433
9825008
7344541
2204110
212466
3945107
10243585
5778170
1005618
10892876
1585501
14096831
11093639
5754056
11034674
14295240
2986888
636790
12606088
15008683
848174
5856913
2964599
409636
2421216
4737223
11315314
13878624
3595642
8891530
7895141
6401118
7119550
14967434
14438872
57222
5586423
6104429
832621
2211796
11379876
2359445
164625
11830066
4233755
4578401
12690495
348301
10566688
6932049
13402862
7611003
64284
1011415
7793688
11963714
1575779
11955027
4940397
2400706
6956995
14766888
761196
11773057
13178783
9868533
11725267
8580488
4063959
725579
2977210
1206776
11897602
4007247
11128237
4282035
14251805
7893298
1960980
13546802
14501798
5184741
339551
5985547
2055841
8151731
9954706
14632651
14922591
5945237
2325706
9597987
11134390
2652116
1723811
9760122
2122850
722529
7425201
3246042
10477158
12122495
2436938
426039
5424926
1387775
8255485
1915942
8021053
13907152
11015009
79999
14995154
1328475
1023540
2288866
13696376
11981485
2061171
5367115
5002212
5001417
86293
14431091
13273555
4148565
1396921
14017460
14768347
10163784
3880818
9534182
723615
5987801
10274931
3537243
14543756
3382850
13090239
141384
6631947
12593997
5524344
10220547
12283522
548435
14776096
10075662
5158091
14345897
7679770
2472748
4227911
6543762
11245771
1637583
1918330
14461982
10023354
5962648
11585348
9467870
12668071
8165607
4568722
12549083
13193840
13015690
4678456
1902932
2968852
13821850
5651734
11258124
2170355
2439025
1053143
13618066
3760207
14508411
14808202
200039
5584269
13692927
14954624
14360535
7791695
14912581
5064391
8648609
13752387
11049766
11342801
14020910
1864538
741059
8205356
4430285
11133663
1459456
535339
8690694
293675
9210947
14313738
421838
12709828
9130663
4408385
2812342
13808683
9770122
837211
13039546
313153
6364337
11728736
3761362
3244905
4468643
7726506
1278082
2337581
7213981
12959257
3813826
11428827
6730704
14143577
12000380
10759165
10548499
9899999
1419274
2415289
2512774
4211507
1326359
4185250
5462699
10599239
12255693
129777
478073
10617130
7104229
14200870
9504332
6623327
6278987
8452929
984122
1083078
4023392
13552838
7151539
12677088
7881494
6750366
10305459
8677278
12789103
15045095
3162050
5029177
7910799
809149
1046265
969081
13833206
1724587
10126491
1418406
5009918
12639188
3908774
10687156
13428096
5659596
9529755
8778259
4469770
11054102
6921093
7804024
7482569
7362521
11733940
4233846
14240756
10233099
13766908
1289406
12893213
6636493
10437824
1168090
2441116
9544803
5552006
12236946
8679699
4232147
2154555
11482519
10619923
2504967
4158927
7473630
10137453
5857536
8807824
11920006
12921152
84938
1955647
4460713
586801
14799979
14499571
13675826
3014653
7044243
7942278
4405202
2394584
14822104
4501960
13795068
14016649
1581260
726186
9430704
5937240
11098572
11499592
13467653
5779878
2965054
5315801
11308006
1981959
2551835
5740389
2124098
10771352
10918232
12679998
3269549
14736377
5671819
795201
48540
14463904
8784221
7034185
11249375
9449867
3760708
14492721
4508360
8109588
13891934
15040226
8158517
4688567
10818940
3890143
2479165
7350877
11270796
2589986
10136725
1406588
359834
10292111
12715590
36394
5945862
5607368
9092673
3518473
2671820
4268965
11274470
10344561
9820906
2203569
13192431
6255276
11334792
6750582
5321688
13693983
3902534
776445
125647
2152124
10917270
10303068
9642483
3347245
2792643
1784020
12085266
7864089
13289838
12634284
1473584
7745495
2748046
13682912
13397591
14994588
5967361
11749108
1444530
9630394
6872094
645402
11221007
4763329
2574156
381670
11075824
647834
5129871
6203850
14655029
79564
2798051
13532763
8398922
2562273
9442709
6631240
8273924
15037497
12383264
6014593
6703692
13491095
3273358
5658648
2604557
1456560
1341168
3881708
2873560
7283499
7182023
4032541
13895990
8884588
994558
1507838
10562141
10544819
6355079
13867674
4128544
14608487
14910482
3015422
7121693
12903103
5995371
8466193
10242244
12587702
8770198
11876364
9118701
9552289
1735112
14659695
10600727
10265964
2112943
896667
212301
9733686
1347168
12402466
12692100
5628185
635242
5707473
3408920
2920347
1094469
2847241
3525064
2135358
4726976
490378
10712481
10204852
9081265
4847159
10875986
13602339
1928926
400869
6394295
3675553
13624871
1464903
9273117
10075702
2854423
6671399
11715879
14486409
872526
9766123
11471060
2628817
10671123
2095085
4159926
13147004
11164507
599202
12125663
311186
917712
7767051
10775229
13074008
4007809
8151324
530591
6083159
13570602
6177255
9769263
1255493
2244874
10497319
10926588
2925728
7009648
4213633
4942005
13200629
14208578
3441833
11115934
3137417
2528524
674807
10578969
4256830
14562639
9548125
12333665
11339594
3488440
6853872
5471139
1603770
11673039
13297585
11974753
11593711
2976578
1647140
3007809
6160774
5684933
6130336
6996188
5586802
7444237
6790169
577400
6841784
5727531
14432291
6216324
9101414
14084964
10979473
12289768
4184572
12007889
8769753
12027291
7988731
12282917
4744694
2467746
12759306
4131925
2624700
14283117
12932541
4417262
3581879
7864054
11246513
2406249
13040410
8436943
14629117
7799033
14117327
11335388
602521
14119720
6499144
11548810
5471038
5713473
14970554
15035780
12070885
2700072
9629172
8086767
4249528
358467
14012479
2911104
12716050
261352
3289132
7485004
5977294
146324
10322727
3419169
1750229
13059294
12496645
3046811
2187561
9903433
4444283
13015068
2184411
5544874
13267452
3750873
14331039
10699481
9458785
2828413
12283768
1129094
2398045
4100298
4995112
2016824
3965756
6708993
15061514
341341
13428219
3962637
2727451
7421694
1235633
14042528
5991976
16633
8377850
1803104
2637253
10862832
3434883
9806143
12716105
10874778
15120309
10535215
5622178
1879514
9643000
4160126
9476349
1629186
14314737
2829003
12593736
11542847
9562778
8973511
2134817
5668007
3508974
4095647
3286101
6697095
10854097
14733186
1992752
11249405
14740262
10100926
3325474
2484259
11523801
4694095
2987606
12446511
10357749
3350614
8368599
1395834
3518546
438379
12991343
3230082
6142627
13892588
6925458
13841040
12243901
1941100
14075153
14509171
1847075
12847586
10587068
2224552
5487080
7725677
642149
14082170
8570626
13572933
1698111
8652032
9355824
7445475
12101840
7599590
8711473
11059754
2447314
13500708
9380190
3557077
11792784
13319989
3867266
11438368
296359
10245704
11160639
14595974
12032531
2966666
3199984
13439119
14374413
10068125
1901906
751388
8097349
13927397
12742026
3957647
10746033
9774648
2227780
1189119
320480
450697
14283012
13272782
8959377
9733375
12501419
11837122
5209371
2752527
12182215
6107187
3244325
14428133
2093499
2177007
5735064
12033845
14868706
11172669
13595625
13812546
8142423
14148886
2845819
14343123
3857450
4326667
3794654
11719669
3262827
7212502
5079347
256589
7919345
13925944
3204489
2482619
7642452
13738207
8318188
562928
14021763
6186379
47056
7087731
10395214
13085560
7138043
4746925
998343
7186766
5753643
8244430
3882099
14001258
7995467
2981951
3241545
3620913
12345031
14945176
14540104
10158604
11188157
7552395
508796
13560672
12851347
3404213
1945518
5857350
10630971
2634065
500834
6689597
2849117
14913019
306701
8500655
13615191
5351970
9671376
4845618
9951191
628904
6964383
2999167
3287309
1262092
11254354
9828971
14496603
7717099
12465183
8348328
10810827
4107290
4605484
7313832
5755503
7822314
8688655
11471753
13947539
4962552
560037
9056340
2865256
12236309
10922877
12546549
839608
3150150
8110432
14228913
2021882
2526456
11674806
12166102
628640
3927414
2956760
13374772
4147286
10459685
522927
2483574
12889529
10681744
11631642
14259925
7541518
2621253
2553385
779248
4162870
11158091
8654306
12039477
11184555
12379535
9084388
13205415
7421699
470887
11011053
3209390
6565536
2615767
3101057
7953175
12101802
121721
7305544
12611742
1351597
8275974
8107163
845921
2027090
6095198
720447
10118441
261203
13496783
12023329
13175462
10518399
6429151
12918620
2545997
2030703
7107444
12137679
4175713
1048933
10860629
7004048
3644096
7162051
7896850
1045784
5567090
7326153
7222064
10292320
629929
14159701
6984190
1593322
358440
6246458
14287287
15091863
6745296
13460994
12300267
8934645
14379579
11394837
3412174
1664070
15071867
12839261
6011603
11901872
2125737
12752733
13634834
3259674
13509160
3551046
3350197
1686760
3623389
13609969
10289547
12534802
6269707
4227883
7999723
626376
13712358
2366269
2945881
10663674
271357
10718998
10978742
12064472
7295332
1980722
12105617
1397523
11580561
10891315
11741862
10616914
8454846
7675237
4336946
8923016
13995844
7944122
10165848
13170834
2699289
9985086
766289
8825122
8918857
7456402
1028068
6518617
14217570
14127642
1881464
2228442
5527257
747962
1344807
3058068
375897
5269105
14293026
3437634
10637707
11794516
11969340
291974
576537
13697642
9986474
3639333
1805223
10239009
1452053
11134478
5686079
14688658
362882
6113521
9796628
6330922
5414097
7640120
12622303
6819999
5991029
4112174
10392787
8831672
5708445
2184423
9795938
15057411
14385628
9429817
7309962
6225271
13687264
4311574
14312585
11461291
5287629
7333044
15133345
5570556
4979277
1144919
6314267
10717004
1608106
5121501
3579970
9337081
2004220
3129868
8299183
3025628
13909465
14376500
11674009
1894313
8532238
7924936
9547471
2227220
4200429
13269143
13934824
8099371
5284346
6353531
4756809
13395191
109290
10391634
1388069
4978793
6596036
9519216
13284939
2551594
8451472
3685573
2494261
787504
5661653
6618767
11238594
11066192
1810515
2291354
2500523
6627592
9164044
9605006
6589259
2124710
3779451
681218
10289191
2535375
2017070
14754569
9610785
14041018
8608678
8130867
5826760
6038823
4263121
6845678
262963
2004568
8000316
2281425
9243020
7967223
6606599
3188623
231239
7882329
1001678
3604727
12225511
9952024
2485208
10105935
2017217
5695834
14045714
4887065
5666245
9487447
7842037
10503111
6295050
14133484
14592391
12295806
1990154
14585167
3425216
12299561
5619343
2791997
5406240
2390987
8841362
2213291
11020136
5401018
5527551
8821717
9058955
7527834
13414424
3232736
4396004
5596069
633595
3982420
13212088
13548808
5869849
14233818
590736
9334616
14701892
2877793
7503055
14004920
14828781
9736571
9348687
5063606
7705260
14768772
3063155
11369876
7990816
1954706
5970379
12669974
14172453
10147910
11241927
14460907
7749592
10386595
960486
4697285
5366711
14731679
7627263
3675870
11614186
9533860
881629
14738829
14263770
12671206
160985
7335667
1297688
10134475
3670793
8668103
145005
13386885
6997344
8109230
2598121
6750225
3566646
14459812
7904210
14266251
10427737
8068919
349338
7141263
7438943
4159188
7943107
14271250
12972465
10515223
964971
325411
1746869
10405468
9487673
9247536
7409939
12714650
5054350
3679071
5751474
12794542
1969946
8406934
10238328
11210646
773163
14414258
8037994
4021239
10201922
1134487
13888928
4930284
3790782
4098036
6726561
7046106
9111766
965483
13443263
13667891
14125001
13512532
397906
14133439
44143
2027919
2044585
366550
14454431
2011231
1098285
4642796
14697634
14671912
2716122
11785019
9025052
9283687
5726902
3048483
1818680
5395955
2051863
5381606
14428109
155508
3832102
8906434
2549181
1137300
2033753
478502
6704905
1860473
11953655
8073221
6049194
9243596
5776568
9362191
2697406
1704547
13607748
5113836
11025911
1108635
9972688
13830072
92260
1113051
2107185
14551199
14702531
12717429
4380693
11389158
2918394
13801612
5972379
4726777
6414287
8548722
6703553
15034
7074403
9294240
3884480
13488401
6053702
6314736
10391587
3349295
7486681
3505051
5979919
14666094
226421
3899838
10949453
8469972
8798424
5693487
2184347
4379871
10782669
14534878
1149222
4743207
1966318
4132171
5738417
8542630
15004417
2626459
1744386
2026751
14903063
13297487
1029543
11089000
4107450
523215
1215134
5325474
12484506
41736
6324742
6320464
11648026
4515193
10441317
7149295
6109866
13963515
4690290
12527022
12942408
1071039
4793880
1450155
9520254
10362485
2472746
8076354
14744409
13124168
9350258
3114222
13454469
2539263
1046344
8069639
14700418
268580
12042183
13605016
3486802
3900435
8489734
2435484
9847153
8914447
9687626
2962102
11299576
11320345
12232448
13992797
12186264
5954355
5932493
819268
9967590
1535005
1447050
10854070
14511438
13295113
9986708
10349807
1250358
101002
7920376
5771535
12689623
1819635
4157709
12544332
11141048
2330574
12164226
2060938
14524413
2666941
9466607
14265152
5079758
5648687
4357738
11703880
12654530
3647680
2669730
6415167
10728840
1592901
1194961
7380170
14054423
618247
9385896
12624072
9166558
1650559
4779749
7206811
6878645
11297433
2914079
8227234
7671773
8944700
828476
2273500
13235672
11981316
4122105
6250600
1193380
5583480
3927560
8222454
8496492
7176903
12855538
2529285
3267915
1349702
2030772
6838260
13656007
1972145
4687486
3898169
13628790
1104705
2008970
13689113
11180283
1129545
1337201
7770018
82364
11318336
12762336
15043238
1196283
12052693
4460247
5953803
7675531
7787628
14774675
14548751
3861271
11261778
1582912
1468996
14533209
11417603
5204980
13462061
3504419
681367
13535430
9265791
14702173
5092890
6977498
3414125
8109483
5518079
2359103
4149180
13419476
856115
12119043
11070322
3310908
4200135
7672866
12257350
206339
11607933
382868
13256419
10195673
4769472
11135024
12476118
9654907
3433863
7705646
429406
5025295
2941164
2817667
1895574
6166713
9888144
14439521
5040386
3013823
14994709
12035112
807256
13081649
8801403
2485976
11755635
13824735
7036720
5426986
336142
8552393
9525858
11825369
800942
872514
1598651
14083408
1125941
10381748
2781390
3640657
2647732
8309541
5941062
6289835
8962805
1932321
1761185
3409257
2075535
11468860
7658693
1158767
5380176
7649748
12879109
11620029
14175005
4704562
14813441
12158312
14624924
11933673
4362468
3981406
1516992
4661580
7960079
3451752
5812354
6211427
5707151
12780880
6295031
4155608
7660893
7837586
1554808
9241500
4090645
11647372
11976983
1496150
12982287
13998104
689329
11269356
5668422
7948016
11482761
1763807
4858185
6049441
3402294
6685499
15093646
762585
14316605
3284521
6436447
11607055
5150274
12846552
1441505
644707
3786560
6804718
7905771
10075323
5921888
1913917
12308730
6407536
5464850
3995877
12294496
8281859
10969787
14952037
14250021
4330023
14488969
8558954
3867527
6842576
1912094
1441680
2206745
13719432
6001709
9270647
14408918
5081611
14367495
3964644
3171941
3734446
7082060
6732066
4654762
6120712
11517251
9024883
3371923
2872258
12376199
1529813
6954680
7660180
13627973
13535885
12672042
11666664
7142093
9919946
7064172
7591152
2680791
14553633
12231129
10459391
1456975
2181776
1476178
6997828
1139123
13034708
12508425
5668974
3397578
12077492
10406794
1546746
3606492
9096880
6026946
6800066
9495079
8966648
290634
14947805
13392375
5105529
6133483
4001948
6457964
9086587
9706223
13272053
7833188
6633691
13685512
389991
4347864
8874170
333976
11725137
14988990
10823901
6395063
11017480
3529173
7993018
5633428
4410269
9224252
4183925
6164726
8516879
12950487
14642788
7839387
12347972
2466581
3522885
2209345
10530558
8791579
5804973
3412076
13697718
9364676
5677938
7410238
9612270
216077
85522
6945191
5476835
5646888
5995433
8884682
7266321
13671285
12297652
8287951
955831
8424405
696286
6995510
13245485
11702255
1353031
13853374
5136437
12196010
2930308
10080549
6653771
6110096
3617457
9789232
7520964
7797385
3382046
3281449
6934395
7790048
6709418
8486859
11848019
2019715
7276224
13126449
14465728
13375530
3745314
1819257
4586870
11204335
13995047
8960352
12227696
4372588
4973734
10281335
10395809
15022690
7662598
12098841
7710489
499677
10936801
6160781
14347970
14783691
1887872
886795
309107
13099057
1734929
8847683
4931258
6704668
10455229
14675113
8198224
1857136
12509580
11507805
71466
13568766
9172439
3147134
10523338
2618958
9766796
6723816
3615010
4744109
12195884
1123227
12706373
2148221
3785947
7624983
1192618
12234244
4057587
13703671
12562605
803703
2511510
4129208
9473455
9036565
657215
14743412
11854355
9779602
2406949
8294120
13136260
4809763
2386210
4939391
14429351
6464928
12782033
9419658
4569191
13215596
14763826
3138012
858711
3994717
720691
6045083
6737100
8027498
195315
12799003
14609569
8174786
5818626
10574481
8581809
10049358
7871737
655683
3089390
13126814
5864727
6147913
9432309
14108651
13876740
8026394
12255211
10144109
2798718
15109387
1000762
12551375
1131417
10256511
6445782
24360
5778347
12150813
11367040
1365340
11073224
1862981
4461543
7282242
98118
14718374
1194997
9224961
2337203
12870570
13659563
14873441
9159096
13939923
14002606
4776828
1680017
8333835
1479722
12138836
6601523
5945662
9474297
11356625
13080435
282862
2093078
8926901
6628275
13420962
9522398
11362119
4453715
7063754
15010204
1443381
12459396
11287701
1588986
12598519
618923
3022299
13933437
7590611
1220582
10514477
3717879
13776277
4385930
13377263
13672441
3152160
3107158
2555281
13795103
8460429
9859763
9771962
2374506
8695286
2068197
12691943
10074578
4304701
10019945
11452701
7535236
11298539
11568736
6792687
9816496
7484698
12765319
10935726
2326702
10096600
9840752
2649691
6981098
15134223
3171404
3446254
1556791
13607265
12743667
4651706
3504741
11340411
14739245
7976056
5232096
5821245
6464737
1422597
5521853
7539295
8292263
4599396
1979300
1289845
472015
13211938
4075292
13758340
67210
2226712
13273214
12238230
14079409
6141625
2844711
13204392
5303695
5216739
10584944
278115
6214355
2245647
2563073
13999796
4453030
14967574
3127254
520531
9128029
4328327
11680366
5003989
13238750
14342540
612588
9837093
10328244
11655397
1624746
7505658
5896857
12634393
1542615
2369796
3442535
2786246
3548747
9368375
8582732
14900829
258009
747391
7245359
3967864
8261810
10180715
11252119
8371766
7823272
5567688
11619991
285935
4473189
9315688
4115305
5118444
3271368
7245394
7229087
3404117
2558425
4753453
9525161
2569713
4908424
5444748
7109494
12645249
7350748
13307328
14251189
11281845
1185577
4746028
7764273
7515253
2074514
1707786
745256
1693248
10416812
4519926
15089810
12316802
1220972
15002526
1102828
1942375
7837880
3496311
2769433
955172
11760774
6357522
11882032
5873516
13791058
7363446
13639187
570205
253614
6239706
2355192
4405443
13385798
14332075
565334
15077052
6348630
2917805
13562225
10519394
11146260
8022570
9654552
6579865
2459512
8001921
11624547
1317499
10891942
13032671
7732470
11291604
211213
1978025
11162287
2406349
1873685
14290803
787012
2897654
13683800
2319528
6526072
3104445
10103916
2228991
1048461
7855313
1065436
1720600
4275707
1915864
634947
59945
4456643
11331988
14072949
14740863
4192463
6051733
14583331
6568909
4388033
2853496
9954769
11385739
2686930
8533874
2013771
551221
2787862
12329533
1229281
1902622
9781389
14330658
8670754
10149337
11138367
14129583
12051916
2277053
8017181
6801181
2065700
4785743
1151323
1344794
749616
3074781
12445334
6061307
14197361
4672632
3207279
14544890
10648115
1092532
7923308
3493829
2702030
8515296
10158108
12029539
13927304
3530805
8021869
7147240
9266770
10531219
7994852
6145873
1291745
5635418
2144056
13877975
7963118
10112962
745725
6439725
100419
3920237
12985155
6513920
10933360
4903915
3651404
4169877
13437017
2958413
1971700
14302763
3621506
10544527
1652930
5612082
9721482
3007117
12653426
320819
2177729
11775961
3146105
5489232
14027401
3500936
13825999
10216668
7897631
889094
14255015
5061719
13680446
10360930
828065
10890236
35487
3015280
14335267
304714
13737376
7888201
13873370
2105521
1116373
7219040
10795299
4401143
4102055
4061219
12314867
2626831
5168267
316921
5072406
75342
904410
13865959
6472557
5249084
8069194
14266843
12787679
15082226
6130177
4980603
10296737
7682295
8871523
1489237
3367794
6466040
2487442
8081988
9703249
10970708
14913508
344571
870366
14718761
10640481
11230880
8843070
9864285
393268
13496389
4707779
217825
4866503
4467612
1216476
11660129
1221189
6199442
1728602
10067852
730064
841625
12945808
7414822
5108245
2026862
9849169
4800030
5762204
11632973
795695
1901538
13883953
10348650
1640433
2003952
5450305
5507361
9608822
8115068
2037063
198998
4298086
4143137
1557436
10041380
1636137
13014022
4336802
1697145
1497815
2385319
209865
1677325
12352800
6475730
10488967
13779980
14727178
799446
2177998
529109
9865738
7960762
13193620
2467575
14084137
11087391
5966378
14269028
11097338
14264253
7837127
12553755
7138290
12188412
4089726
1794857
2249084
7333985
3057788
271886
11926848
13603808
13067206
3494824
2200256
14697670
12301544
345515
9697828
15087743
9916393
8609593
14893603
1735910
2256942
2222143
6171183
13000829
13666902
14273699
1069910
14522658
7242051
3114672
7539297
4777939
6894083
3270864
479459
8090076
8089600
6860603
2363436
14780205
2206857
15089297
4009773
692012
6188847
483611
14493690
14733148
8087459
8651280
1694134
4372079
12800386
7841396
14795048
6977668
15022442
13964819
12149621
5597598
7115307
3516982
13038566
6805685
68845
8130967
5436974
488859
95652
14689422
9850981
5719227
3559618
11615181
4823053
14096169
7187763
10474905
9573295
8224341
3652162
11115089
10703959
2893822
12927766
1983471
11754557
4113930
14438205
6084261
174625
12449697
10249839
9907840
9973966
3005183
10160836
16579
2532733
14763396
3405452
4856913
12629979
12954632
14243307
9549044
14813258
3273641
12387812
4351569
351187
8460484
14501977
1368707
2164629
4057969
3213858
10053129
7119416
6894305
4502397
3198496
4900712
3581536
14319793
3326465
4900183
15036341
10455329
260998
3960610
4433243
11413151
118801
6200707
13574192
2705020
9401152
677663
1834781
135643
3577329
2351447
7213555
8839625
14151103
9624255
1114164
5262080
9222806
7452464
11796669
7699546
241849
7657333
5844158
11779355
3843896
13890151
2846749
2518289
4029495
1688045
5472453
13803484
12116807
2498156
4469833
11974668
5650313
11918640
11558272
12662597
7586285
5646175
702830
14728750
7247612
7487014
13633158
13280344
15031841
6541399
6747135
9922731
1315539
12280960
3345828
8052927
448359
14405063
1484417
4336017
10969053
439961
1789334
688501
8890530
13250035
12601539
5932392
2544617
5711544
4813428
215348
1581155
4588829
2895741
13522117
4720142
18690
9655648
14404698
5201650
6756880
14957299
8159315
9426226
9483656
6839926
13917068
2564076
1125185
9137728
13892375
13146051
9323285
13143798
3643483
4734001
5326838
11310661
11175573
5992514
970871
8257344
3020888
13734490
5065909
11324920
14549448
8560994
1568950
9036259
10509521
3679231
6648317
12544618
8538038
276853
10659082
1776126
2933506
1601551
13168375
8048104
5672545
6564877
5655898
2448060
10595786
45750
8083974
11350753
6674588
8342716
7022697
9222313
1490963
14829624
3406565
9246548
12708020
9863365
4486436
10026602
13597100
1594845
5272823
7998519
12411521
9332442
3119168
959985
9514853
1165178
12263113
14469213
1231233
7329492
13598508
5917528
867929
14602898
14385704
8092146
8675653
13640709
4667760
8657524
5121970
6218984
9346953
9626090
7322950
3359752
6287853
5296711
2894051
7511992
7441212
7300007
9934892
6192129
4353946
8275708
14105715
8030527
14625936
7686541
15123962
13886027
12111178
681137
281473
1800133
6749917
12622418
7598293
1989025
10948200
12476479
14783750
14007420
14593575
6568267
13315849
7750450
463243
2275422
11033768
2362782
15013082
14301321
3592160
7957428
14518785
1952732
4228024
82668
14193731
6628729
11698473
2835098
15088092
4195011
2525584
250458
11583430
2651976
9103607
5424521
9076537
10369317
10466418
3093593
9842926
13002859
14257502
1872072
4254790
261066
114338
14776897
1935452
10886062
4229735
3592596
1953211
10284897
3829515
2767726
6070790
8347271
1694766
7411698
6866993
7271519
4487578
12622974
13995128
14789385
2964045
3750724
7438781
2666986
1383905
4787388
193679
11387759
1928564
12882474
6514754
1329505
3520126
5050169
12218818
2620617
2606429
5347527
8120185
5442781
13300722
12328558
7243227
2874795
1361627
3441651
8277693
7765881
14842232
195992
3739002
5906374
3108347
8157603
2311287
14296530
13960785
9437088
192861
9638678
8734597
6107003
2316151
5211835
8391895
5323187
5107920
12425171
7528783
14535574
9338445
9359618
5358361
749696
5905457
3547295
12482593
14302757
7110870
13534982
4008070
9635442
7195826
12420609
1572340
10664674
5065246
13384444
14433503
10265203
2657518
1581161
14188773
547833
8537373
9338294
1864999
6813829
14390694
3268533
8373335
1301800
11425695
638306
375223
13061392
2863610
2315694
3207266
5629768
115961
1771396
1362193
5746525
9819835
496405
11454011
14998000
4187234
3517587
1529649
730029
13102006
12841701
257552
7716585
9350990
620890
9198942
14113816
9973916
11929387
12943744
767791
6291452
8700629
11464532
2467957
2618201
1534751
14718697
672868
1675933
7117715
7908116
14565878
10363133
48369
328046
2489159
5045744
11066536
7582991
3738922
5879139
113114
3936513
12095583
7377799
13007279
2719373
8407594
4364573
3845775
2456724
2951392
9326184
11903489
213236
1800080
2979675
6862530
1237698
3755419
13675588
5851619
528087
1561165
1993996
6786883
2907505
12644031
7651389
8374047
6785097
2119217
9956905
5365797
5982718
12298907
8081669
820005
4162746
2479077
14137476
7712936
2218162
11999926
1513291
9909735
8329215
14666893
6352645
12784261
8695451
9610859
9743434
14276877
4753299
380932
9054066
6927039
9635094
326792
1547690
10518983
15105779
12979042
7065144
9241537
6499977
14405211
6137166
11747928
11858704
6661289
6526475
6277675
439903
1822065
4126626
8048223
3710962
8867895
11585302
11295601
9867356
7597555
2530179
7878515
7223184
13066359
1347966
5878612
12334166
1660037
5622830
10117688
14260002
5665417
3814671
4410996
13421826
6815127
4592519
7780707
2631934
3015577
12080268
3406196
9043819
11647015
11033641
11943799
1051552
478638
1696955
4324971
15122328
10512036
14451157
8311621
12825933
10189340
12758813
3874417
5364821
11516812
9775003
13434502
14428571
1263512
1802611
8302029
7399649
1475767
545352
9534403
7950839
3289090
12096846
3117058
4615306
14201465
5865976
7393919
4489886
14428297
4002446
1551309
8692240
14445941
7990719
7416768
1303527
1338463
10744772
80023
14986936
8150512
304880
14271825
5008060
27164
9352043
4132987
6446651
7560160
11615992
3771651
4152234
3502551
11883800
2014112
15120658
13624185
12785827
12559002
547950
3815784
12431930
3865961
13962363
10732165
5169235
5806667
12088682
299748
1752140
4295791
13538121
2795652
14350852
4380283
734992
14436713
7442974
12671807
14115154
14880339
2185747
1207057
13330765
9059262
7721687
1314591
2961796
8328599
2928490
3111763
8130396
10298266
11655859
4822258
8804554
12054855
4013673
10497400
14565682
3219691
10141680
14219249
8178935
12197063
7368915
1579909
10393570
2288250
4307263
14569363
2979545
6057496
5052784
8105560
5970018
6216910
5027219
13482537
14698028
7252064
6825332
5710676
11346826
14038178
2639428
8349775
4535464
11533870
5055445
8958377
5857408
2665004
441649
7634439
2521695
13596395
5605883
8578125
1028736
6810566
7155156
6378390
2775573
12376990
12660110
10070873
13410925
13748341
12082184
14273213
5610144
14278432
14144252
11511618
12716863
3570263
5008815
14045922
3898527
14692462
14450565
2344885
11286787
9104676
6373247
6122137
4097067
10639562
11443481
4717452
9636971
2670509
2890165
10692365
656456
6761495
10562437
1722028
9464135
1445391
5976478
11133331
614564
7205297
123901
8762549
7214179
9667541
9484933
4677705
14534739
6569620
157002
10892036
12060717
14135152
13258871
9510715
11137906
5172513
3119520
6360855
5795054
7186968
5214628
14604348
1433482
4448237
4507508
10667572
13245402
3703858
12008691
10767694
6361954
14328169
5008709
11343342
6923351
13348841
7542442
12422059
7423683
4950444
5652642
965189
11634643
11695162
3291953
14120660
11114261
1866957
4467020
270280
12597660
534098
75039
13020222
1090944
10886870
11308766
4866121
9332177
9893780
4122253
1328480
15115840
13646087
2174205
12964115
4487056
4110711
14781861
2423721
3746788
4628491
4840510
579618
6837061
7421256
11026156
14364212
14290926
849627
1466416
11040848
11802424
4072621
3643171
6684179
8582945
3677511
14532754
4217697
13003487
11235871
5345775
593373
14373004
1763884
8878059
3591913
843484
556568
9676285
8560671
8357562
45506
1709288
14813481
12811336
9489938
5461892
247257
4753742
5756753
11916406
7908477
2214015
1778930
1091977
3064893
3391886
831765
1778273
2330777
11874060
2790932
14321211
13623959
4104341
13801644
10605100
13492
8848385
14251358
13632542
8365999
3130587
7238175
4605414
11267517
11433710
2208372
1459304
188965
14733395
1127422
13490776
13961410
12107109
6029342
7360934
557784
7246098
10391036
5922985
404357
3256753
5172038
3726639
1701211
10511509
3690830
11964897
1749863
7831923
2475017
11932203
2106371
13905276
7325789
6512448
115140
12665842
13157889
13068285
636384
3236179
12128761
12030967
4692410
9721599
5668189
3086475
7412974
563602
2511560
13719909
10737997
4130239
8550753
2464216
12275051
5359647
11184502
335175
2745131
1521701
13677506
9221270
2490485
9541108
11585393
3022362
13174680
9555332
8497253
6653117
60314
1494257
85619
7745686
8927080
3154226
4179946
4506077
359645
7179362
237577
2356448
10567629
2094158
483643
4466181
3107084
12658149
3664871
3004794
6028205
3681502
2922956
3057804
12315749
8865506
6419942
13585506
7968897
5942331
14982100
779603
12451768
7274308
12113623
13697990
8481457
11357211
2366373
8906441
1914962
14692718
14204232
9880569
9605187
11068396
1098611
12737480
994182
8827921
2635620
13489442
507322
13826437
3503313
7438402
796277
6134481
14790373
9406885
13727762
11377089
13910907
8264388
13161539
3873533
11718697
6277824
12074521
10240997
12707335
14461509
7496464
13699729
4438485
1554134
14739517
8535002
2645729
2298514
13629937
5668055
7745150
13641483
6238801
6628606
5734345
11614684
7681386
2207267
14295213
7417549
14617019
7333267
11178357
1939045
579082
7909288
6880147
19949
935544
6909239
7306140
5357321
2289054
5345445
13529145
9825620
5347876
7313678
3064309
14136706
3015889
6628443
11288913
121745
14525925
14430863
5162403
6530047
14693801
1354857
12898257
3107839
12329467
5191192
3207166
1450503
14642197
805003
13338941
13739051
9399346
4978710
932533
13236470
13622447
10134760
2861440
8899094
13747273
4058064
12572134
3839696
5143581
8051726
13696700
3288570
4994110
12788446
1558866
6542403
1819185
11651293
5155068
11565160
2829832
14420806
1741345
2393868
14477281
5911577
3847739
3012157
7307458
5654519
6883374
5622679
13939232
1548406
14507421
961617
2234330
2487490
9176460
2476887
6353418
13316752
15073346
1823507
10574618
14289442
6113995
10512804
8475732
4055034
14951027
8836358
6601137
9030378
7864855
5362734
3917192
10409740
1751766
2342453
7487254
626856
4454116
4218657
13161192
376279
145360
13484872
6149062
7852788
4224964
1824337
869809
12032310
15062171
484788
5087327
3885404
10926586
7515894
14362604
7888963
5636632
5694138
11228660
5116089
13526540
9490982
11784914
14123331
12929083
14075020
2099285
1449124
9968271
14246338
14636680
5690013
400047
6603384
8138528
8453571
7798582
10552127
9971128
14347167
11846035
10544711
3490296
15081802
6451699
2673853
2768097
10601327
6104957
6944277
6850594
2676984
6894557
952005
14252166
1612827
7903824
2798083
8738276
6516404
3606758
7329713
9485552
14143774
2796393
2861769
14818705
154978
12528657
14412690
14429488
6488373
14535035
1077173
6628159
6587001
11841745
745077
6919611
12060634
558555
3735368
12904879
10196607
12454715
277635
831489
4228733
10385498
8054071
12288067
8173662
4234331
2658561
11757671
301255
13758671
12201271
13049513
6005268
6603113
3538096
14516545
1755748
14610469
6138184
13327716
759904
11769068
8054107
11306661
1825477
6774903
13698622
12121025
14596721
14261818
8298671
14614970
5400034
3725154
7239190
5868867
4387562
6030612
11840569
14602631
5402033
3049215
3377830
14317996
5658391
9196203
12587203
11896461
2528917
4546042
1941300
3947013
8049966
5495285
8516956
14352320
13036482
2170718
10386708
11847845
2717426
14279714
14278207
3370846
5117859
12370738
2116239
5662193
12155380
8383979
4833961
1847444
10287455
11005824
7934802
3162167
14270389
1907698
6008685
6239084
12301625
9030056
14362583
14259512
5370309
12254
10983827
6463787
14274414
8746344
12278662
1355917
6141037
10335148
13286367
5659770
9614558
12136881
13218503
2103767
9303588
14689378
8401304
5643055
13669262
12257372
7441477
9769809
14418523
8080197
698144
9573748
11500224
12601045
7635616
5397622
9164995
3483380
9114938
9712188
8344795
13975248
14316411
9327285
14923430
9863197
9167746
1906459
9669755
8493988
1985688
3993043
2205099
12612819
7991205
6748349
12057621
2674138
11035098
8078385
14183986
5168134
3873953
5125394
8499576
11813334
282464
11824629
11291413
14606991
5590204
9258294
3015336
14257814
2307025
5654549
12101076
6079020
505521
8963455
8600349
7318581
3312438
9338727
2729778
14998974
11140942
8048892
6382137
1997275
14467441
6881499
2151027
1095036
7483411
8706305
7600141
684988
10348978
732740
4419247
10141642
235568
529822
4516332
4712598
8253574
7085263
1480147
3264705
108811
7277923
6265486
2729958
2728633
3259810
10553162
3315526
6883154
2286825
2253723
3177407
2976114
12601799
3296625
13766941
1780247
490483
6459354
8230359
14522517
4188768
1829030
12741901
7024145
530037
9088061
5149541
154796
13753355
6488927
5092052
6806210
5847667
4263949
13236018
8752083
7313589
9796023
6872493
11702
524781
14066217
6196908
5110120
13138722
1149406
11432942
2513927
5200388
4268252
10715195
12108048
8891117
452128
12998920
1950695
3814510
8098940
10016221
10256085
10129968
7608708
6527376
1362843
11041586
13919092
9635942
64437
7949321
4057484
3933803
6430860
9281884
10579753
6740720
3016622
12354042
3511858
14112446
3168210
2784828
450929
13529662
3564817
10335942
13934539
9808068
2674217
5700004
7856125
1371294
7101871
1230624
1826882
828316
13497306
12716623
12368512
7331775
119098
4333757
6665711
4131763
11150738
3299120
14468876
10765069
15018293
13231222
2620919
6875270
638081
382356
1901084
10471090
3978143
14119609
13733716
9841474
4911504
120653
5600788
8186301
6257894
10801296
9802806
1468507
11097302
727987
718534
4520364
12280445
2980034
14037559
598809
12616583
12579551
6811391
3648147
5684568
7606357
12502576
1112011
11420564
14835313
11406227
12634348
2815907
249685
3820087
509279
7203904
11765305
2852484
14917856
5797399
4201417
6005025
412988
4257116
2170698
8393572
15052130
3528173
14510076
8128826
2541547
57226
4055051
7737875
7006203
9123935
332815
12190854
2710473
7185488
5114238
5001881
7739400
6324291
9821319
13664416
13174396
2772688
14570838
3183354
4797082
12327854
3252061
5976095
6508647
8124027
3885827
1833258
6228207
9526763
14435314
3784125
2909276
13833122
8487427
12345298
5523616
11113579
2632523
7462714
9498115
7035456
4568544
5620857
1581683
11177886
12153003
1000507
7314114
13292111
13562392
3218329
7229043
2587756
3370381
15057467
8834591
11036481
14954440
11725608
12054091
6965190
13408588
3971917
2337837
2374831
6299749
14575698
95304
3644326
6395053
14432332
27541
2171369
198296
7774255
3154128
1731796
9755152
1371129
14317215
3921295
4391925
13567372
14157818
13017094
2551061
773405
10978049
6677539
5919889
9330170
14795885
5666059
5666856
8964959
6494285
4136299
13823020
9241235
9583627
6487018
7139226
6258215
14392505
8784854
5968243
12086267
2894074
8725325
1425879
5353741
8499584
6088983
13120591
13703210
3832497
13696544
2675707
8169640
14630592
3507790
12114921
9948209
8645856
12119796
1851214
1594156
1197517
11579658
4117810
13798186
13362685
6967597
4907077
11222413
12648350
6214736
11294166
10686444
8598502
5865959
8136541
14040600
2215590
7300974
13138589
1398949
5712406
6345443
4108160
3352572
14685446
8894008
4507999
2633912
8496129
11006180
5777722
12272313
714664
15091926
6032229
8650746
7666823
5579993
1608699
14445367
14698508
11051173
3495118
1670205
12807846
2759909
8825783
10142719
57445
14381940
12125196
1424724
15117364
11125232
3509827
7587376
2050542
10870429
14270938
178643
7134961
14016358
13179683
14872410
1086471
7960014
724998
3323149
14975631
8081618
1027144
12940711
14122810
571700
10528981
4435283
7643439
5616567
14653548
13897767
2406632
5699136
4072295
3630163
2725688
3863292
12641526
8613314
11787339
2776816
704693
9044306
3764403
12523420
4152153
9886620
11811135
7415370
7776118
2068921
13966470
14736417
3920417
1877833
8409038
211714
5070285
14420605
208082
13773077
6798674
2224173
9557361
738133
11388211
4865970
13325025
8130109
13514689
9228196
411025
149020
10451311
1651649
11198214
10338919
13680120
7983277
7361108
1550954
14590132
4084400
4479718
12460493
9182967
9186000
12506975
10942526
8409423
7524290
8686694
8101714
6370274
11865638
1637170
1766237
3347070
1152405
790354
2229632
1258501
9463944
11549272
2802665
1385322
12181002
2333909
2499568
4665395
6167200
5553332
7669607
4325670
2865117
14069242
10353865
11909560
12060462
3253456
2444303
1184575
9758906
12571318
7807713
10408614
13534143
2789663
6594123
12210943
7860380
10305749
9529720
317467
13051794
13022868
13142097
2518138
8669268
11766271
5315976
342454
14954188
2249014
8692607
11920581
6928958
4525360
11712685
4650177
2383377
11327859
2984565
4611455
13376079
2497807
326947
7662276
13694076
5842476
13008454
241984
3266908
1416969
8731280
1185612
13165332
9645686
2985266
6333699
1571757
12575074
2052193
2153785
5987595
1984914
1660253
7814272
1472189
3588311
2995554
5938159
1211292
4778457
13342500
4220821
2373594
1529639
13081408
5957581
7661997
993274
2584314
10721917
14308596
7220642
11949877
6012730
3101962
3489127
2305436
3252766
14680366
500046
5650545
7021663
10975627
7621310
14969750
14732842
9720382
10627873
12091032
15079634
742246
3110023
327702
12593187
4511880
11707256
4941449
8899470
3341649
777646
2937577
14512033
13918471
6942745
6143801
573135
7209755
6834458
3877157
13686935
8229125
2742334
7185280
6522541
1736145
5009261
2732246
6737007
4624694
9623494
948081
3673372
7984546
1830791
13475501
2330998
14802369
3629916
4378794
8023529
14714822
9919713
8349116
7144481
8444311
7265888
14067031
7280523
12001073
3150597
214280
11940463
3082754
10478549
13429506
12188546
1802414
14207100
135139
1502137
7994385
7982585
3912845
6849753
890657
3618085
6267259
11705891
14608337
7021597
881826
3732176
376033
6225919
14244783
4927448
2696896
3598384
3572598
5607586
7785224
8052664
13237219
5120689
5604391
950927
983677
13949782
5908481
5531150
6749810
11492501
7845252
7298787
2053563
263455
7791588
5033357
9910702
9840619
3037889
14425208
10140638
10927124
10418773
10530362
9781206
6266752
4153091
13692424
11538855
8522474
12700016
5766169
2513203
4150306
320822
15121539
2840536
2035531
1492236
5661789
4558913
13361212
1887134
1438607
6959948
5878895
8891675
6526718
10365493
4557734
7862442
15077438
13417233
9510877
5286608
2817243
2884565
12387723
10747080
13937916
14292973
2271428
1617952
401126
12826529
9084238
12643760
2239496
934995
13948632
10015591
7113885
4945106
533198
2723500
7577074
14149191
4154685
15009453
1773591
12032102
11519619
9577289
13559804
1937623
12479230
3145224
4563678
506614
7280841
15040331
3149622
1727286
6747588
11191968
14938863
943336
6471888
5815318
11348255
8475992
2751703
4532531
6821769
8736013
9987106
4777643
11316015
1892268
8834860
13007473
10980153
1508176
4318294
7605224
5027290
13719794
13391119
8487353
165223
11611650
2702870
7655914
14135995
5243486
12475565
14280651
3248979
6907159
6406763
4613427
12567829
5990037
5844461
4139600
8561232
12255272
9022158
3129697
4938772
8602164
13782207
3456084
7628933
11126239
14861580
8839124
7802613
9731606
12761009
1258507
5118182
11781771
9755773
7642985
2679361
5982978
9952795
11428761
5040691
4846430
5961652
4175730
6996323
14510205
9696364
326978
316164
13199620
13606619
5345175
4029154
6441505
12288175
3534238
3220604
2621588
6501843
5695383
2155069
3137982
1675341
5127613
2775928
11574479
7222816
9115916
813396
5616873
15129546
7557378
16931
5747907
1397432
857104
13192062
227795
12178563
1523122
10929823
506376
5089577
11171825
13399692
1992170
10652509
1666193
14620273
1021384
13389459
14891892
10423336
5250392
12640648
9947877
1305428
9674501
8773916
12125557
10088198
4123835
11076776
7176561
3430164
13526602
12175907
5185763
4762213
7864822
876087
4737632
8520349
1710727
5369987
2631978
7881854
756537
992509
10271836
9502432
240469
3628602
9194275
1154952
13861762
12678659
5637389
9597758
1124142
13608432
6093328
944588
6258815
10352835
1544557
7589235
3466061
1520963
7951359
2993025
10496335
13003087
5049902
11119445
527761
9267513
4875602
14816485
4787032
349886
13264163
9276597
710753
5554092
12181432
2846213
1036674
729254
695796
3460203
13569278
11206798
3421746
473359
12713113
2467853
3791624
96220
1158940
5641910
3409632
3096415
433839
11089732
4953660
3097271
12105892
14741894
5030663
8142610
7962490
4985489
14034706
12049757
2091693
12588168
11591696
12999083
13580542
2022810
11972679
784637
14744389
5941112
7886892
14210690
11493595
8601480
8031855
7697550
4439440
13508536
14141811
6812126
7982360
12061419
13671496
1744676
599836
13348743
12179232
7725412
7509759
13173338
807265
2701356
4653242
4219647
14687419
8017068
732585
14461659
150807
14808254
11671535
7041828
10420772
6410076
4165338
12760926
2234418
7483112
97848
11387478
7156314
12288929
14955598
7861053
6429886
241037
430143
10715920
5781122
6017405
8095806
13562713
7300581
12009191
7640518
2518539
1481180
2960528
9185661
7255143
13451193
10068860
3109999
2844959
8145939
14134735
4151298
13907228
7538932
7399088
4385627
3888368
9489949
13384434
13643613
3409262
12149280
4050551
1646271
5314261
55941
2677854
5547956
2975250
5568162
12212063
11035157
990549
3062650
3712661
12648964
3965460
9049266
2474431
12051061
13439359
13270943
6812160
10146136
12448121
13573701
8411630
11794762
6048353
12222031
9313613
8149392
13386583
3711739
11203378
12976998
15067225
3123229
3745087
10794818
760635
12818705
2938303
1047247
10842962
11263413
6708627
4977203
8184895
3014568
3935046
1216111
5936612
10118738
816755
2079120
14492635
14087013
4343789
5648379
14254156
1270284
304411
8539233
9452290
1344697
448528
12102827
455228
10008602
4160623
12005992
10124578
2414753
11511707
1090037
1413799
9271324
14207
8857661
8353861
8676906
2580607
7676965
11099449
591990
2963917
9450104
14255153
13397762
5121330
7375382
13758527
12251305
283196
5781659
13295447
6284723
3977985
10051223
14131139
8118076
3729895
2338082
13513728
3239736
11640909
15075722
5309607
4372508
2024038
11482436
8422111
13800209
3500021
7000952
8598431
2779957
5690710
8962457
6761992
14797516
6939824
13308402
2425553
7977400
9986945
2777378
1003803
11631938
332721
14587145
5968102
2259948
10945695
5949072
7862538
6839067
6116982
5669526
14054812
11391461
2274965
405284
2935196
5661290
3787580
10103414
7156752
14243725
14224324
824457
14351267
4357701
3439931
5493647
4626072
14360296
10053539
64853
7900037
9251541
10456449
6989352
14130857
13248360
8639382
2332615
7225957
13456900
6542532
1505193
6056547
1190569
10465467
13563729
5601069
8837815
11459425
3068619
9765811
11085450
8362031
8591978
14116754
5705876
2521449
2848151
1386155
7449058
7573913
11917804
1658105
7313576
243918
5861496
12194695
8168320
8938766
8732286
13039883
14892118
247349
6465173
10278364
13290495
4909474
10808285
4041676
1522316
6738125
9920593
1547167
2406624
11342549
7926838
14462589
14681145
3282293
10446189
6773194
498246
2385898
3855857
6165915
6532203
7867865
12236510
1979852
13963580
6153754
2045271
10850365
2788695
5285385
2458249
8763875
13831613
13465055
12735848
5521691
3441657
11403036
5861839
5569733
8331652
14811910
2398955
14320094
9624086
10616662
7510600
8969709
4078774
13330586
7643249
12922676
12602022
81882
7961853
11589345
477020
6463922
1107356
3890016
6019845
4663084
12831577
10716258
2439875
4126983
489044
2592691
9304106
2446801
7592931
6988508
2865822
14312815
4646133
13554560
5759220
4882298
14354948
989684
13492898
5375157
3234652
3522647
14021826
10379195
13353471
14018756
4830160
12377062
10395000
13942950
13727543
10439678
729646
9580419
731696
10041772
1535432
9017965
2180053
443472
9361353
2575615
13583038
2914196
8826653
13352471
1794448
10365913
4579564
9027753
10503505
7816161
14927275
3113987
692217
2215604
464733
13896865
2479614
1587726
3081369
7213778
13480689
7820354
3478089
231465
10376038
5176772
5430677
6021699
5672931
10694989
12459257
3032651
178412
516875
7317983
1675759
4593765
11684031
4405229
7125900
3609417
5184723
6297145
2256807
10721031
6443530
2790031
2018372
10419050
2202241
11502501
624115
12059250
2879804
10307857
9250360
13972074
6431357
5349668
14182739
8196328
9321381
8456490
6020494
82484
368139
958177
13742029
9405612
4841152
1245907
7657848
13484962
2949927
7887560
11073816
6067965
2709733
1040723
13221817
4298545
2750076
4492373
7657507
9142589
1865476
4706281
13968560
1039859
6615469
10109891
1201260
767472
7509295
13492957
4737526
420289
6931850
5942973
1535060
6344608
11538679
6769059
12481009
929664
8662987
8835886
13789663
1728188
8459528
2642289
6958078
4403520
7356408
1840689
11942562
2586746
3184773
7997207
14842199
12740711
2341759
12196306
11210445
8062675
1340709
4412511
4029162
227428
3004716
14429339
7043442
1261944
8633541
5847970
15027746
13707787
2255772
12951925
1002467
9562504
3499705
5741542
9767628
178442
196336
3453851
14207658
4468438
7477578
7711092
12972146
10613199
11772022
7561521
3814555
771403
1427464
11194093
3894843
1259318
13507078
9480510
3156603
12794227
2791353
3466826
530841
9929742
8168379
1575468
12902772
3436840
10678932
1972855
14357204
8560881
4598645
13719814
9925073
11112526
13446673
9734991
12826435
8131877
9577989
9100094
8141640
5813891
14906501
14598521
9590357
13968618
4932713
2484296
11543556
8888299
4255542
5014249
7624925
6305050
2687162
10240361
13145652
13901566
2480545
86070
5104888
14573279
9924758
8207705
13932319
5909755
8165429
2905846
5392304
4364904
11704764
11835546
6314826
9944223
4828295
662506
11115786
964842
14292593
3654901
8932309
1167710
9147221
7025950
4673327
11943497
3520082
8027684
12244518
13667781
4805580
2734398
814285
4731171
11742731
4416557
3757544
1567634
12647722
10170683
7965758
10892583
328970
9866438
7939051
8506412
3592006
3550512
13610427
9240699
10050825
6509576
1103608
12566442
9616331
7249103
5184803
353245
76604
11824822
14155477
1744708
12568781
11744703
14386656
8582892
613877
1166449
11169437
2579481
12271384
4263323
14321116
14154543
12130109
3236006
6698625
6343259
13762247
6922112
14258049
10041364
9705498
5675275
3984005
2992612
8514579
5808219
8764789
14340274
11177594
4759659
8096263
13006063
6609243
13350443
8625804
2129192
2561271
14873368
6834193
3885165
1793825
9452210
14494221
5114215
3241673
11585926
6222873
4767888
1930549
700075
5015425
10850091
10967307
2471606
13604311
14084868
5969151
11581408
2358544
3034633
11649322
7109280
13488229
1130469
10213003
5303424
9069578
2416826
2932281
12799626
115786
10118082
3489224
3025138
11701732
13597141
981061
11080932
10782164
12875215
10105318
4002133
2246290
792086
6385878
14268091
2731733
10662940
11306197
14523697
12258624
3361535
1066017
1031719
4465910
3775216
1241800
12644513
12022023
1251441
795341
10032121
10821740
2651384
6197038
3113410
603287
12414268
14306804
13886403
8415153
5522180
8131521
4539759
8408069
9631260
2983779
10426693
4813096
9559959
2549954
7116505
5541094
6281747
2436723
2124269
13059466
10841846
1926314
4159736
1439954
1183957
12004210
835180
2798143
6977734
13540925
14734455
4613986
6935899
13252534
10067941
7372966
10268206
12652395
2682556
2730650
7714421
6690464
14925765
969018
445554
4749589
4472522
509884
14532877
4560255
7729259
6763854
2302533
6763336
13578921
14298953
10185436
7012663
10533589
7318067
8054302
14518287
14301742
7314508
1369310
2488779
987529
903469
15097859
12998301
14013574
3636821
10138950
9175130
5034303
11821110
1772714
28767
5603495
15058953
6495635
7178559
9697962
12422073
10735076
12537154
12908214
12491007
3602727
14461209
7681425
9249811
7679466
12738113
9349568
2447122
813225
746338
7919950
8204650
126572
13362495
6642061
321743
6491475
1355814
14658772
900940
480625
12351592
5072739
879151
3321477
3676858
818994
14740395
14995766
9418275
6656811
7632411
2279350
4428039
14871083
11033928
14385389
13910876
2125788
13401130
14693739
10649287
13790041
2847983
1351853
9655758
13391629
628758
7625660
12657743
4144369
2034523
3249388
14800657
1479651
2022918
434055
5889632
11922025
1680813
10975853
3253290
1938175
3579311
8633517
14281498
7372971
2288232
12064091
15043843
6010006
5298299
6892660
2771663
3873041
11073245
2093642
8267709
11360247
2319058
7088844
8913071
2421572
7865272
9038063
7785277
14949125
6442657
15047551
2810090
4424306
11598083
11015184
11648728
5567423
4853608
8083245
2073398
11962190
7188019
10058245
4990875
12365029
545710
14272484
1067236
67131
10983445
2704460
1298467
13251398
7316929
6093166
3552594
2438455
6136266
9706026
13146286
9123302
544913
15008336
7431662
818848
5669593
13414359
6491874
14701872
11613787
336339
14393508
7325228
14122821
5385540
7998521
14292638
189972
13722406
13217649
8586832
3522666
12650886
6387059
14831457
3313311
8400190
6517516
4741119
2123391
4306401
11557656
12781448
14573723
11139402
11597359
12850309
13525312
14410732
5125251
757048
11264275
2114756
3871445
9305032
12733568
3417766
2776875
9172093
60108
4148472
904731
14279759
1060591
1176190
14015242
7643256
10894540
7413208
13801598
12435814
6787660
5949380
8024013
10964080
4426263
7920962
10274839
6768077
15096903
13193198
13035320
3467994
3106797
9397462
9198234
6150003
11199552
14300722
13749433
8996379
3106784
13540165
13112295
11772484
7251975
8051133
13469982
1556145
8492156
10767573
11553748
14730295
6041737
9527879
3182103
5044540
1263582
12765964
14122091
2137020
1732111
14581185
7833494
8400059
4886436
2837868
12258191
7311888
7775769
11171340
11077386
10306099
14871347
13924009
1375982
13565940
9645677
14663267
7217351
10759506
2492163
828768
2083008
12740709
11971900
3141493
7555594
7952726
2451525
910091
5467115
7967889
1887227
5188877
15021212
14742300
11211221
3509690
5815910
9794239
9400701
10064710
11195562
7647008
8401079
7843156
14242860
919821
4584214
3715837
11865416
10407737
14715761
14934197
9891707
1175124
2611874
10389104
2964010
8923485
2414968
2390064
7661592
12695314
384654
6917617
8594742
12932775
5006596
10241737
9469271
3851859
8762145
3347399
12648055
9113542
5973063
13547314
3298989
2275765
7114748
11283921
14319477
13578382
229114
4618075
5710202
3280721
7008607
13176881
11694886
10135398
6997714
1922395
13947571
8116993
10234463
14234693
14285880
608658
344525
1011835
2214480
7652187
11252086
1646020
4930259
1697465
4959760
7595484
3177495
10042345
2317380
7953479
2343812
1858544
13617612
12773949
499424
10336653
3643219
2870133
3985816
9234305
10454249
14312061
12788463
8782796
12421652
3716525
4478008
7042613
8727707
10808024
10320323
11046624
2341900
4051245
372446
2478738
6559010
4776879
1549039
9735705
11087493
12294241
14318666
3167679
7344661
13087932
5258598
868555
7025430
9518967
975106
13933961
10440242
6696695
12131255
3649025
9456109
14103158
11345460
9403501
6971195
11907849
2658209
6545507
5711907
9756156
5722089
2410432
2908285
8625995
7908402
4407073
14190138
1121078
14129618
1625543
2719859
8525145
10031024
12502554
9404884
2659018
12692749
14360402
355447
1439166
4820254
14255311
8581431
5760087
295194
11404524
5464181
9131281
3789460
14705309
3061643
2293933
9764575
12786659
7146309
3969810
13438779
675882
5961735
9462561
13951309
5484519
8609005
11789794
262960
11135286
6813537
10773092
2752712
6156172
13913082
12505133
11272890
10630206
12443142
7835871
5411201
10482159
11787380
7507689
6343472
5162802
1015111
8136670
11164944
11358847
4194513
7796007
13579535
644483
10460533
3340463
795979
11104973
1596441
10159866
12832442
980608
6689241
4452726
13475031
1104378
3970807
9764044
12067264
1986243
14013866
8004139
7482860
14301013
4185223
5684135
503036
3156339
1479211
11341690
14521208
3587362
10894145
14407287
15108440
12846744
2016828
5950136
11274395
2976607
15064854
7212086
12962874
11918634
8491313
3946635
12090357
6069511
34766
11677805
1488606
7234355
8432712
7062067
10996656
1639366
3213759
6596743
5981432
6677853
1251888
4800370
6842777
5607359
3818069
703896
1785932
7367841
13981976
407412
13358401
6110227
7955770
5068665
13695340
8126340
817156
14510789
13528742
6994344
2187507
1177649
9633419
3084396
4930907
5052387
4266667
11192936
11700457
13604816
12574917
3853289
4694923
3328530
769214
11912251
7632880
11036470
3095748
2323927
3391929
7379702
11099094
12055549
8405368
7142782
10479218
14723609
4131464
2295674
2785498
364151
6415003
48687
2680969
4926085
14394575
12913118
6209779
14143199
3876013
2672245
5700328
9968871
3792032
6090471
5649437
13112225
14366486
5662912
8155456
3734893
11903726
9983367
2453029
10116225
10402861
1509909
11545190
3444002
10659670
11149275
8342422
5638525
9921778
13570527
3456645
11481308
14029680
7158513
1730399
12616896
5943938
11141699
15014184
221850
10396966
10433433
6132790
6207112
5636821
2350261
11531486
834469
12953761
5683353
11040935
10958611
8907438
7241146
1990358
12486395
9220709
13861016
2256215
11953070
3745197
2938176
14331303
1941640
185301
14420107
1299538
6005918
661910
3252108
3466146
5059515
14487712
9986398
10096582
1862687
14273241
15007558
2016586
11854770
10225662
12332631
13322503
12562850
13405456
9836963
6159946
5658535
10438925
12958065
1315992
12713899
4875854
11177177
6959737
9435287
5973124
7361190
3836329
8540970
14340821
6852392
3107858
6580078
14695800
11426403
7517563
7052156
5961203
1270867
13725739
1484301
10795782
9871545
8169122
10043406
8910802
10216306
11417979
10021464
8757038
13999207
12504849
9616557
5736125
3627616
10355182
10372424
8020473
6975841
10284652
14492856
1505765
6898111
7121369
6190730
14401187
14142802
8108121
8586156
10039058
4595211
6462787
2172609
451121
8137102
8922861
12365932
7971577
1582999
6431662
6024968
10110707
6437216
7888080
13340031
9420827
15027906
10164359
8899693
11109613
13081475
1033103
12022991
14612534
5626134
14475836
10767650
14014908
2654509
181793
9692497
13557851
11290565
2918875
10295754
4268628
104037
2894947
2375405
4581980
11880442
12516725
3416069
12414565
7182128
7384661
11520523
7107887
2036738
10162989
14790385
6896724
11263496
3727501
6557868
14204155
3621332
5878443
6295390
2255376
10055534
9368116
13823214
9886074
1253517
1349601
13036486
12698945
725644
6202521
13191295
9672087
7723353
11294530
1893853
1901716
1738816
1933356
9262343
6676576
14383761
9031162
14742915
12128252
10195671
1872890
6510348
1538618
12929134
3346736
4443356
11449631
3992291
11285558
2865848
8157521
6598171
10678856
5348722
9356266
13939197
4362128
1246754
4898392
14361852
2516933
1853722
8635834
7057306
4670171
2986468
11736536
14746043
3948711
13454353
12660063
166828
907185
1498400
901635
3351105
11073439
14296768
14046595
13490615
15025231
1026793
14598757
6967417
5952487
11001031
3015107
7762737
5998704
2034504
535751
11965246
13960429
9151240
13995323
12914028
12030552
11172111
4296063
1199131
11293972
14302272
9362012
435349
12216185
9814015
2408068
6670767
2910921
269199
6791513
12449126
5947166
5590381
1757092
1156468
8768610
10776026
7413669
9875220
6612799
8061275
9648746
1729502
2148738
6476963
7820716
14377371
189960
12340948
8144811
9847914
10210018
7993725
13249820
2699606
11914607
10825044
9029295
7544433
7152555
13149019
9247252
3313840
10813059
1712243
14786261
12733430
3914138
9772983
8730350
847693
3342754
4120226
5046668
8695491
790568
1046050
1539298
681260
14269681
7365960
11692893
6208005
12836320
12114937
7278676
14297904
1479603
6452765
8017539
2826581
10769417
9826998
13427915
7547794
6768761
7677369
6020285
7410200
3064319
10669042
13929830
296866
5835757
12004650
14544313
8858864
3963586
10148017
7757871
3288796
12520192
6413807
909820
10303530
14973609
4164816
9586239
7646085
2757359
1155764
3021455
2438314
5997067
9856768
13245739
930258
10510902
8554542
13928569
12357929
3386258
12321120
2565006
10784090
2527608
2333914
8420914
14272446
8331503
965086
14344733
15098823
13089927
5382897
4301152
13004007
7988870
4344794
11023559
6826634
5484717
7456669
2927054
11824993
11258702
2119111
4945825
12660640
679093
3230120
5718620
163314
13098996
7355507
15047059
11287885
5030439
10902132
1487311
2294260
10037389
531932
10696401
6897863
1924620
9343726
5666031
5411780
14442986
7639052
11971317
14672787
6912197
2913271
811796
7109417
5071645
14675158
10789604
678470
11364619
7987300
835487
3035467
6030070
5340034
9753874
12031047
13034006
2652475
6339677
5012296
5069887
9696043
10019766
2075915
6648614
2804514
6241146
4615269
6838458
13564844
260396
6465697
1425224
6930879
7704164
7145966
3026124
8880509
8082990
5683108
8373411
6320618
8613293
1949898
11327596
10009588
8483841
9524521
9754244
10999503
6184430
1903772
14568773
7306281
14346894
8479698
6768337
2565628
9411911
5384095
13194388
11651749
9176775
4933868
7693607
7483460
5305099
2351603
1143932
14582074
1313133
4246475
6550004
14244770
9423514
3877844
3889177
14979800
13986463
5935053
13608340
12316806
1882865
7122153
9756030
5963790
5062572
2009945
11136326
1111068
5674432
2785421
8683237
13609277
1893483
13949972
11941339
2575818
14251898
3627194
644890
2194061
7819460
7698777
2513710
7688770
8060579
2575764
13596691
4142016
6665901
9426897
10218273
4495664
6368096
9339933
12064369
6712989
1058963
2500643
2312990
14411726
7591360
3001962
10552739
6487706
14787112
1790588
2499336
9498810
10971541
7789237
9898256
6974543
6329291
7067263
3696745
4329503
13162550
12952857
2318484
4889665
7729382
6987135
9376717
5609261
13092932
8505969
6506075
5064106
13856504
7988937
12316761
12600241
5477395
385847
4114211
22063
536151
852799
12666389
212237
140959
269897
10818896
5678644
10019983
13559145
13420449
2347520
1206244
6205844
5631463
13532677
8737292
9175077
6888251
10205251
6111120
8359970
3464312
12834385
9556080
12622810
1700580
2815597
3140936
12297253
9797147
6128985
9601845
592082
11136750
768741
7517939
2373748
12040063
8103253
9911281
6322439
9465202
6726740
14262718
2466667
8242151
5402039
8139448
10871082
679633
14798293
9661325
12103440
14312089
14024214
6206529
13607089
1418928
8367382
10933200
13832350
14971453
2426091
7126723
10999476
8563244
9956491
13511386
498666
3899481
5117361
14549132
8129829
3979403
12271090
14524923
4512970
3990031
10291329
6276770
11301458
10591594
8573316
1085154
7185302
166488
12575468
2563438
6146836
3808244
1071681
11617091
4613589
2367524
4463904
9602021
10465723
5395886
11552470
5016953
11440986
5548657
11402584
8146148
7811733
448679
1998781
7217377
12075043
6951179
13066761
7612856
11255686
10102707
10957299
9920317
7071928
3730504
13686178
12065872
1008927
3217028
1084536
7433897
9114070
5477623
4047659
1147475
1754551
9719740
6847469
10491715
12207955
202098
4149530
3267979
8226326
10007404
13374431
3409907
625718
2353115
11898761
2164778
4376393
5206873
5449742
10530265
5039900
633981
1248690
9705583
9951637
405962
770180
804151
844665
2656209
7191885
7125719
14246243
378850
7839960
14361323
3361445
13128792
14439152
14358793
592552
2721395
7917978
5671588
9559527
2741169
13292074
14987916
3597567
3988728
3024406
6330213
14291353
2260697
6601223
7907734
1200823
740521
1254314
248721
6410301
2986124
3488952
7683115
6368048
6622954
14923464
5326804
4243397
58298
3762786
10464277
3974955
1947404
6396572
6777019
2099404
7439278
1686364
9799682
1903032
4153908
5402422
13680301
4624589
13805909
13574561
6298390
10350266
1371120
9602757
3314367
12340000
3464495
14861085
7812839
1305300
8415965
8741271
2787931
14969498
2796727
1727027
4094199
10847902
377980
2671338
12171677
10937177
13002421
7200065
10774884
7719284
10550521
1696703
12534705
293168
9339961
9667425
9604954
14034716
126730
245971
9171627
2870417
6622025
1385902
3077913
11518439
3835670
10881249
12415199
13595084
5992205
12977838
12065634
9538934
12091719
14460168
7713631
11615309
2133310
4075008
11632299
9991314
8517809
2067404
11544224
14250948
7355946
5916791
2493890
14011781
1130914
8704834
7126676
3024188
5401517
4401956
13207678
7662476
5521072
4287080
3728932
14449280
337630
11618765
2772453
8453420
8382692
1653073
343768
8394415
3284051
8439834
1686638
10207581
15044110
88635
263092
23748
12082582
5453308
717687
14805369
13896919
9681187
12483067
3813574
9070493
13876547
1859622
123086
11708366
4001283
12578753
13160049
7205340
2787763
6283508
13864407
6585716
1956530
5291796
607050
1491612
7509905
4442835
6929435
7477995
1325367
14739302
3727012
347219
12513621
4381240
2148710
13145443
1495173
3312742
13505492
10698934
1013360
6218834
11432609
15089479
2214612
1890330
14330781
572924
14491820
10508895
197932
468099
3588358
5733380
7406879
2570317
4779331
13928792
6968412
8946578
1700709
11531637
14257702
9444192
3784897
12440953
3756174
14659564
3789291
14734381
8322103
359215
12010190
14546008
11680619
13680031
4122892
14981566
6285281
946736
7594212
8480473
556561
4717504
7016251
347365
1561767
10274446
6192588
8515404
3432505
320532
784272
7753684
7255312
2701389
9339386
5637875
10993534
3888749
10006024
7240971
2279325
13779084
12701825
7470710
6622219
4147311
3828383
4621567
2803038
11643969
13250275
7331113
14558847
884920
5753909
14404305
11607282
13625643
11679766
13031469
7383753
11347843
1594010
8415280
11864018
5081023
15035505
14390831
9928904
15061511
1448840
11873825
12112018
11042704
8579090
9771538
13915993
14311833
14215619
13239579
3084932
9456717
8976502
7642536
10642380
13641088
3992188
11146245
7000218
4381679
8407327
10042710
12319685
3344838
3827621
14376650
1763823
12988805
9510182
7155348
3888192
13483323
11230802
11666375
6366468
4112696
8770134
6732951
13944984
12642594
14374984
10808307
230706
6092870
524254
411197
13946408
12420805
6283969
8332468
2039317
2502732
4505874
3598073
5828512
1915076
4444641
14694208
1614058
4869415
13335734
4827345
2356046
4707695
1447671
1699690
4169799
13086221
3431646
5410299
6910389
10614591
6397895
521740
2504615
3465764
2978879
6043041
15133111
7856379
1982847
12506162
8195474
9483931
9675864
6054701
4877305
3714689
13172569
13343051
11150686
12654136
1598751
1863951
13271281
1945156
4888455
12908542
3022643
12653100
1892724
13790399
11032403
14173919
7186556
14061354
10461341
10886585
10177205
6373865
2553892
7577900
7373117
572006
5885453
10579838
13720008
3552888
10695953
6501691
3729699
13511055
155231
487656
13687200
6104511
1205019
3845694
12295754
6641407
3506778
5849423
10662912
12168252
4401993
206191
6668058
701601
5585996
15055268
4962852
9059370
14743294
9049136
7575056
9457044
6576666
2044571
12259536
12212950
12049874
2240467
10656376
8433527
5039576
3747595
9565955
2882312
8304114
11305493
9264497
2448049
1018211
1560402
3501855
2841675
11018950
13533932
7543696
2382346
7831096
818587
11839184
12952970
8995296
1930227
14038786
7929089
3662099
3872501
10106301
7356654
10385653
8073269
7722746
8024059
7121675
12187044
9879685
8113709
11031637
5772322
740594
14430826
2247740
14412703
2822778
12990236
4695465
1836790
2455999
2736689
6930728
2912070
8997840
1590021
10765710
14127560
11829418
8288791
9933498
12682333
8180847
7359150
14273347
13445976
405496
14120796
3482026
13185157
1505482
2244265
14255020
2036640
3759967
2527955
5373930
2064179
12773092
7509847
3764174
1124496
411187
4953166
7459902
2290670
11539314
6811932
1518392
10402546
750524
11236092
5973519
3327055
325996
6411785
1477555
6125860
9671509
12389252
9755106
9465506
9514414
6213145
14695804
14050777
2283221
14431991
7970924
7005244
2222482
3884098
10183656
4043957
2959244
9798852
726768
5206386
12183168
3062974
9587271
13788731
2286894
8070372
1017948
11943701
10940500
4950398
1370776
5391424
13925491
8510403
10946334
9187199
3556190
5039444
8507361
417793
13658776
8687740
3983043
167735
11173199
13468655
4293264
169759
235211
7376046
12226170
5489098
1911575
9646587
2053573
14748757
11780792
794800
5774180
10295206
14240969
4353332
1449942
8372146
14059525
1973174
1143745
3241875
7861664
10899049
2683648
514172
11003698
9695972
571735
2884155
11091473
6321995
9952717
10918010
3469527
1080560
432517
14128853
12482626
6693979
10790163
14759823
10774825
4352226
13531311
13411939
12074731
312074
10560424
2307144
13402003
13804492
10965002
1346561
8883684
3050714
11405357
6014787
1529238
656504
11746665
3525053
9299534
9929502
11984300
4469488
8902301
12823959
5746814
274761
8348859
2994503
13706531
5761581
4090990
7988156
419734
3043984
12760533
4667069
14256051
5705724
1868575
10048734
3770980
4855079
10884999
13207478
6962561
2967137
8198257
9980134
8115863
316494
15005660
5450625
2481183
1940372
2674541
13209262
11785183
12679107
5206483
4941819
3284142
6870369
2476389
1096849
3194080
10339009
2847434
6036250
4535675
724843
703299
302951
9528118
11327523
7211788
2764951
4518886
14684607
7595916
14262246
13121667
4617493
6900365
336308
4460128
1711961
5187180
7785816
12746768
9558069
2135299
9141544
13968354
12177204
3129181
12645107
12384269
14611616
1197083
7340051
11317227
13979992
11456729
7548944
10544755
11786086
2931580
4961479
6015528
8039346
5779399
11545825
13330250
3479039
8491619
5048446
8688783
13689162
7933982
12433562
12227789
23029
5788469
14656860
9292963
3731722
3608261
10639609
7167727
4025513
4024071
1042234
1224969
13427770
1202242
170572
3674710
5932748
10706765
11138667
11207422
11118489
4543311
8027240
14057213
9889035
3744918
7762223
4199330
4812845
14083257
4860940
11291743
913768
1736716
12413367
5934451
9921160
11214680
12986319
14342961
8002063
4203642
2986024
7916327
14766082
3120287
9915579
3078154
8219661
2187753
7067925
14579530
10247435
1012040
15013406
13576706
2607820
1080195
1209914
7918372
978715
7376467
10911793
13101749
2232359
9625564
9261600
10197300
5672688
1883475
1501247
2119946
13876138
11708733
3193530
6091793
10919773
4786609
13463434
13703247
9352025
9611901
5061687
14438452
14541298
1277314
11498214
4205069
1158140
13799936
10753644
3907307
5019686
12104305
8045601
5941237
6340096
2933314
728996
692977
2164964
7012883
4816321
7997143
14437069
3002165
11073348
3974418
4618524
11491215
13678046
180037
2442486
15055870
2066155
5043752
12198152
14822512
5825441
12688999
1709670
10617567
618133
378019
3649420
14494640
12504893
6129045
7568716
7420724
11626625
13261443
7639647
9748348
14619986
11892986
9175474
11828551
11668094
9925638
2311722
14880229
5152318
9761939
7392590
14764378
9935974
14089300
1023399
11083104
928114
4127414
14316915
3234379
11175235
1726834
9868087
9633046
9960459
3753768
96678
13937910
7844018
4525723
1231657
2346051
11086042
770496
11392588
12628993
8163986
7739116
12511390
2560161
7044298
1576887
9596557
11377006
3934194
13686938
1682705
1581725
12015709
7288084
14013272
7453439
3328376
3611478
9319129
14536008
5802292
7278866
10452848
14876392
7379941
8952669
10314904
12161487
1235084
11265071
3510796
7185304
317901
3813433
2386762
14213193
7837365
12728979
14022700
198234
5038983
7456310
9328504
7985810
9761163
2326562
13292816
11917071
12441674
14358249
11604682
8151409
2033452
4279437
14179203
7466043
11669453
10120532
4035440
8004965
6516283
15048817
11873692
4451098
11194480
4407139
13191958
6443881
10682565
10657821
7544034
1191475
15026165
5670803
1176714
11695881
9763604
1521748
51232
7776573
3678003
2614481
10141140
3589055
13017274
6115739
1306692
5852409
11709963
9897393
12207703
6470786
2597152
5119620
10538289
3614945
12482678
178022
4188718
13926956
1438577
5054850
8378847
7959334
2316069
287733
3129605
8198693
3762962
13705676
11919809
2620088
3728313
6675709
10400809
1942066
1328607
6488080
9501896
11150967
7356325
12830601
14782042
9781486
10303844
507787
9777332
14227772
8849710
2807889
3296906
3236203
6569358
1416797
7002364
339345
2458458
13308379
967108
4922331
5590236
6565634
13351995
2808295
8923604
6021813
14246247
6030941
2556603
8004749
6118993
12106511
818047
14552302
5361123
14443609
3488512
14423648
6589958
8719149
1197253
1433713
1942111
3876622
1241281
1615410
8295974
9815336
13137089
4024626
2467266
14363649
200568
8625795
6596528
9602312
7528742
10621262
8588591
9213894
2168462
2709820
12592155
1215590
12257208
14579136
79977
4230344
8137431
6775713
5606917
13094006
10718336
12235898
10806933
4505581
12158890
14267281
14266452
13386284
3227198
12344564
11334755
13639080
10016855
1806384
11188025
12542128
4087587
6597478
2157338
2172974
12165657
10319376
10207707
174470
2324
11495536
8738053
11300179
3914065
8163356
1967130
11972172
8681949
8322780
9035857
8731531
13774642
12408291
5950980
12355408
14249975
8889824
14883526
9044688
2943572
6609755
140433
121931
4083568
10342729
8830068
7127076
233302
5946565
13142470
5651144
101114
7563938
3695348
10289174
11193464
303044
10384489
5225727
6566509
3171787
1626083
14570242
1649738
11980979
4071297
1462587
13493944
6840162
14246492
3640296
4565620
4143512
2112364
967951
1441211
12414280
3437095
3547746
890413
7030311
11804777
6232165
12001207
417676
10830957
3335662
11615335
7732256
12246041
386009
11100314
9450290
8458706
11395818
9916116
5012442
5956572
10749450
14363735
7093596
7079483
10423073
10622546
4571124
1780399
844649
6812952
7127216
6243417
8333292
6659028
3063650
9300854
12731624
8796778
2175326
10330613
6723433
10778070
12856983
2094203
7603650
6795595
7017178
11206044
3067450
1291015
585106
3340323
1235561
8160651
1587915
136626
970170
3902100
2189656
352892
6951822
11059851
10299593
7200663
4604784
9231453
4734246
13750222
1064093
460441
12000875
6653147
7698141
6556784
14278098
7665021
7967461
11006237
13901542
208747
10763916
1804908
1344004
1231098
1231541
2753498
6122085
1741043
10146002
3871681
13655471
7086355
9510090
7086863
6203769
11191783
13715099
14817886
556213
2938864
11683411
15078830
6463668
2322222
7786275
9737059
3817808
1621652
863224
14539968
13847951
14293311
4714440
1023568
8211174
14135673
2542066
3972310
9541923
8926259
408415
4997673
3802927
6958289
956712
2042037
402146
6374466
1067387
11380053
3911287
12282830
2964173
11260109
13079505
9196982
1458169
756611
10629888
11529150
9017806
3530102
2729736
12048051
6383173
9160737
10754244
12311536
8579898
7293695
2471856
7498678
11425010
3014758
782173
13854185
7881157
11047155
11077250
2662993
7989302
3458423
14000501
10792579
13309453
7202081
1665149
5606993
1224730
13700949
11744111
12061305
10914670
2073477
9244910
13675824
7560581
11282810
9926923
2508710
6310460
585241
3798203
6040294
3948218
14717318
14503438
14290181
1803893
14611070
11204244
7088860
13114675
14902199
2117752
6699151
3109076
9473606
889450
1390618
1576406
11902092
8012629
8310106
5071855
6268941
7140246
12986727
1153226
7110152
929013
2522094
981590
14317541
4404956
6509525
13527147
14276592
7815724
2856354
8961905
8561893
12663490
13821722
13098037
1849464
15069226
393160
3392712
13394071
7585325
689191
13417953
3196251
532994
559862
12941164
14750497
621345
6603713
13770701
7154628
11962608
2454078
3787214
6661127
3447214
13918816
60931
9154631
13370731
9621016
11973119
13984118
2721528
6968899
2378130
78694
7665886
3449990
155664
12689064
4997201
7043887
9342561
1711082
8886047
8254670
11265737
3261179
113746
11828420
725076
8794535
570818
12041199
2320613
90608
13976612
13749857
4730372
9604122
3188737
1187741
13069004
8694195
6911970
12504215
12193135
2543062
7073646
2121635
8044700
2801179
8400984
998494
9882072
4665539
751427
6850461
2532120
11510972
11363879
4620585
10645059
6008339
5877723
13621097
13080570
10254027
11024921
2482655
6569684
3094552
7555449
15015695
13008904
85626
3738211
14138965
9132483
13841610
3496200
12228419
12862039
14278212
3539780
12039095
3909834
13307826
13770482
1768310
5934931
9039908
11397233
329443
11273354
6723689
8430542
7461927
4117759
5085883
2059863
14242292
7409779
14153829
6763020
6655779
12647775
5248887
15103897
7200555
6123200
6541118
14240709
6646343
14883991
10982503
5825420
1271882
2337714
757725
9987071
13402666
1639323
13354507
205001
1881634
5820750
9711936
7898991
10733293
12674627
10307613
357876
4853002
5486022
8176765
7949332
542349
550007
7770146
3045682
5756465
3170177
4392602
9413580
4745309
1584631
202403
4491500
262039
7582612
1403043
7718421
3654931
5989640
1935945
9912978
8889240
9412644
14299748
4011479
2622850
10922277
10391812
2217319
5222252
14796224
7718948
8492295
3245666
8080847
2663685
3640952
10343563
757319
11240077
1204192
4250555
726117
12979721
2205108
7411765
5836084
2400568
3793902
9813303
7548445
11948248
13922879
8838120
2237517
13571722
6055971
5036647
1967558
14895228
455801
6896869
14245369
980913
4349060
13983092
14225451
3497498
9761617
778927
14118014
145290
3986433
8862136
903830
129742
11673966
9865056
10987892
14290898
4400367
2258323
7750029
13420111
3235433
7162454
2783304
385652
15090436
9371486
5984605
10906006
6211122
8092530
3856243
7509929
9436247
11783293
3336434
6960872
7009281
2833728
7457485
648026
1619989
3309480
2147001
3941764
3173007
2247003
13007976
11491409
10858501
10414357
3159337
56405
7882384
1983652
6587234
15098569
10795583
5372964
9375371
14662925
6669110
1475763
844585
9751975
3658651
6308535
6864371
15025994
8459189
790713
5955813
4315887
14348767
1008886
8464244
6768963
8925942
362001
714827
4862861
9281582
7397910
5907763
8405639
1118346
11622262
12993341
7927750
1819637
6808247
6902992
6438348
6509305
14412007
9160930
11445127
1281220
5348856
3922806
15059656
5740848
5767408
9574149
4767213
2271425
10745062
2940334
6042312
1419513
2615539
11944148
13300070
10090904
6294797
11659785
6314401
4748491
2152657
2661767
14730649
12799104
2086288
1222433
5695999
11454648
15069263
8972353
8205305
4888730
859870
14850685
8888172
401956
277670
13721925
5886920
5675938
12694315
2698913
14995385
9049071
1458693
10383026
368597
11296619
5506984
897521
9565659
2001823
10683036
4658736
14674782
3625393
2992307
2611246
7987220
11251638
1502074
12265820
13549354
3158184
7386620
4491726
8895238
1563741
3255586
13498427
3015022
2761167
6654355
3151930
731866
2738397
2190593
7978427
4312743
2517983
8469731
5219573
14184809
9779365
11428317
279281
11649250
12187824
14569865
14284825
14393051
13679656
2983719
14314137
5396758
1197190
7420366
4767755
11586819
8301030
228403
912350
14202552
14993804
15064898
313118
8619593
1101860
1731400
7295004
9143875
6642455
5638472
14305162
136965
14885707
9991305
9244847
1948220
11865627
1808065
7486473
699023
4291034
9825214
1914005
1054768
6886739
11999189
2561417
10547709
8068897
3762036
11538255
6630528
4642978
4696522
11308333
9627222
13345930
6413953
6623743
6958467
13749377
5708382
14366363
13815710
8172083
11264677
6948895
7324803
1992732
5584284
10696091
12936487
2773825
3257058
5208083
7013359
28928
13543362
1347251
788445
2871203
14712535
11650685
992271
6513715
4620032
7808903
4594876
13563400
11274511
3485708
3718733
11364629
11191299
2813625
5059600
12979388
2488712
1986791
1046482
3139852
6801400
8963443
14881676
1526106
12943098
6528384
2941011
7099594
6085619
11251420
13926018
335316
11777235
10442745
11241160
6851718
1771161
800357
5739643
2661278
604477
10587618
12988071
5662091
888045
9244421
2556784
5146957
10012687
7491645
2558027
14038051
14445423
2373357
2667329
561569
10449266
14354055
2159755
4658936
14239448
2589509
10834350
2195556
10024921
624876
7033743
11741223
4110651
1659524
1570563
7298813
965967
11394347
13060730
13668544
9824075
4493663
9859460
6602379
14381253
1881254
7491476
4526380
973540
12683337
6651142
8976634
10682909
3916014
1070391
14778465
12337939
614356
8484953
559436
2188961
8075864
13063397
5635911
14799718
4286326
10378067
3895053
8296299
1008830
4305125
14837364
2225754
11622537
13756701
6327299
14404606
6515671
5190958
3459492
7851833
5914397
9131765
7341134
11532823
3142284
7609012
6077501
2115052
950802
2029797
6968506
1411301
11018715
11842826
2953233
12829718
7145449
4500476
8467536
3203379
1359299
11918881
11320959
7034099
10416691
12824851
758580
1517604
6558486
2290782
6344246
3631984
371141
1472888
2604290
14296219
10064877
1926521
12318618
4424405
13878040
4783034
11999659
2422760
1281324
6963448
8663359
5477599
9156795
7385424
5276549
7947253
1924181
4460877
12252170
6160533
2832959
7966585
11965038
1221306
11280505
2204020
13468920
1852457
4487114
7932714
7655557
14586584
5182187
6380162
12001865
14430602
1453651
4167342
4246268
12259562
10305444
2655398
5049780
11637249
13544800
6936899
7270611
2258176
4513530
10212322
13427372
11578379
13994071
8430154
1009178
14808586
3603133
8063410
9281571
13298132
14177522
6390160
7065868
5286615
3332898
5826546
11368943
2335827
6694180
3734065
9845706
6777936
10929103
9451024
5868473
11404073
7964443
10219598
12038359
3217961
7315954
7729983
15113991
11113854
260216
5671726
7697838
300302
13724848
2758682
15072370
8125551
5420216
1180918
810861
496637
8477651
1326868
9034766
11111995
13143519
433126
6959810
11544273
3339968
5681540
67138
9523651
6495801
12892053
13640933
4739160
7386214
7088150
1274163
6985790
13563211
7728698
7784743
5970599
2640738
12037625
5072254
13437006
282289
2519509
13113120
7357715
6959598
8049695
4528229
12422789
7742147
13179003
8966866
2191298
10373406
14869803
8948147
5056037
14658039
8305783
3659367
7590302
3603683
2178182
14627493
7738060
7610757
8555336
14338151
85877
14261868
9885933
10931155
6202805
11292364
2188854
2167373
4114131
923671
14258720
3889701
14421276
6631859
598818
9231851
14812176
370311
1497737
12833403
7270552
301701
3061382
14493981
14255322
7511961
7129582
9928414
14043583
8599726
14909554
3112305
468171
12751481
786948
278701
9910925
11299912
7963640
5883631
7699533
12783307
5831813
9295203
14768343
9972470
13443920
4694324
8364081
9327933
2710263
6848800
9243295
11924214
171082
837734
3180675
7082952
14187124
1607706
1790378
2094165
2103953
228721
7565013
4123377
3292374
11081247
9583430
3769640
11617930
11471383
8205769
14943367
14227413
5522063
388397
9760355
8065264
12914609
6948605
1496896
8553614
1512104
12152639
14095363
2132326
8070587
10105279
14926150
4135416
3186104
2231584
10453307
7382193
12853212
8789705
3045998
8893311
11243399
14395665
438680
13821963
12890733
7689560
10592437
8996349
13114923
7056611
7604793
6522997
2197356
8430408
9712524
9021288
2822699
2142838
14284539
10787809
12764822
1161677
9080783
1572288
10854031
67102
4429682
9887887
5849939
7540630
3389849
3923705
14611478
12317726
13930832
4421482
9712913
1160439
4730606
146894
14378604
437694
13424439
5249529
4131357
14027285
8659086
14205846
4641825
3690094
2444544
1425841
6792170
11638953
4038670
8187769
12609030
1298279
9928301
1327286
12816480
13291297
11656593
1434561
9199267
783697
8941
11807981
3462398
12365639
14283760
11064102
4442419
13605447
9070143
12668108
6944869
7750788
12299377
11773508
2723663
1949649
7756140
14636576
13020881
8210201
6238184
4798046
7665938
8978260
12757429
565955
11166974
2802336
12354650
12109661
11646542
8872403
1494974
9660733
5563788
8570451
3078494
3759930
10489818
1279808
7698965
1327748
13910718
9978191
13756996
5528906
